0 0 3.6735920746669644 1.0003108470700681 
0 0 3.641914096853096 2.000859433086589 
0 0 3.615049448899429 3.0013976141344756 
0 0 3.5278934943922633 4.001879347953945 
0 0 12.193357122406228 5.574567066971213 
14.364384229819443 14.43620615096854 28.728768459638886 6.575067698955536 
14.430322436035585 14.430322436035585 28.932796484251348 7.5781663111411035 
13.975649857189405 13.975649857189405 27.95129971437881 8.57869416801259 
9.025191713339774 9.025191713339774 18.095509385246245 9.581258981954306 
8.966556186610429 8.966556186610429 17.933112373220858 10.581763168098405 
8.996488256399402 8.951729608357613 17.948217864757016 11.582244839053601 
8.980629385319304 8.980629385319304 17.961258770638608 12.582751108100638 
9.012617498908284 9.012617498908284 17.98039610478717 13.58525772113353 
8.988737031807393 8.988737031807393 17.977474063614785 14.585757899098098 
8.966357629527241 8.966357629527241 17.97754704720212 15.58823665510863 
8.814569873541165 9.174348235726518 17.988918109267683 16.588734789052978 
8.555065042446572 9.45559820480937 18.01066324725594 17.58926185197197 
8.960955592371972 8.960955592371972 18.011520740667663 18.592242181068286 
9.003844849470076 9.003844849470076 18.00768969894015 19.592765029985458 
9.01733367039745 9.062420338749439 18.0346673407949 20.593236270127818 
9.043984787115841 9.043984787115841 18.04297462504205 21.596250816015527 
9.015711655025767 9.015711655025767 18.031423310051533 22.596746378112584 
8.960035502787813 9.05008611085603 18.055146917677952 23.59723560605198 
9.085825995524859 8.995867322301839 18.03671398121519 24.600242973072454 
9.022424074233559 9.022424074233559 18.044848148467118 25.600748483091593 
9.011152842234967 9.011152842234967 18.06736144868111 26.60325369401835 
7.638304908360529 8.236485413232137 18.45156788103959 27.60633576917462 
8.999651479530508 9.090100238118755 18.08975171764926 28.60688150813803 
9.03998658851666 9.03998658851666 18.07997317703332 29.607424861984327 
9.027715611494 9.027715611494 18.10056980104547 30.607945851050317 
9.02835784041653 9.02835784041653 18.05671568083306 31.610251215985045 
8.237976352849259 9.595884542879356 18.105442533734635 32.61081980005838 
9.266619591688144 8.814589367703356 18.12641198178998 33.61136226914823 
8.924035334986709 9.059247991577417 18.118495983154833 34.617293833056465 
9.05580710112949 9.010528065623843 18.11161420225898 35.6178449599538 
8.998109800703585 9.043326432867923 18.131869497900187 36.62028439412825 
8.944280642287094 9.034626911401105 18.114426957359218 37.62084869807586 
8.976000315235526 9.066666985086389 18.133333970172778 38.62138958205469 
9.060151627687395 9.060151627687395 18.12030325537479 39.6219089301303 
9.053779502739749 9.053779502739749 18.107559005479498 40.62243810109794 
9.01988294687191 9.065208991831064 18.130417983662127 41.62297157011926 
9.06498569597238 9.06498569597238 18.12997139194476 42.62927635712549 
8.947170391028257 9.037545849523493 18.1202794282946 43.629824007162824 
8.98508997704994 9.030241182964764 18.150784777759174 44.63232842902653 
9.045334918554968 9.090788862869314 18.13612378142428 45.63287359615788 
9.021436908422306 9.021436908422306 18.133088185928834 46.63628574600443 
9.110004449779776 9.019357639334206 18.129362089113982 47.63682365301065 
9.117713510935543 9.026989993413798 18.14470350434934 48.637329613091424 
8.989887991529423 9.08069494093881 18.16138988187762 49.63790771411732 
8.96426005430506 9.054808135661677 18.154890312001662 50.63846754608676 
9.011498946447976 9.102524188331287 18.15953575572092 51.63899995200336 
9.071520036267545 9.026388095788603 18.14304007253509 52.64227547403425 
9.022232545712694 8.976894693724187 18.1351407954024 53.64282772806473 
9.07946915376295 9.07946915376295 18.1589383075259 54.646253407001495 
9.094241846701053 9.048770637467548 18.1430124841686 55.64679540717043 
9.053528273877626 9.053528273877626 18.15232418912464 56.64733191207051 
9.098985497847588 9.053716913281182 18.152702411128768 57.650251619983464 
9.06852272124055 9.023180107634348 18.1370454424811 58.65080653713085 
9.040550400238216 8.995347648237024 18.171506304478815 59.65327285416424 
9.014240341895071 9.105293274641486 18.165060082909765 60.65382352215238 
9.08971161851869 9.08971161851869 18.17942323703738 61.65727009810507 
8.990569724454033 9.126790477854852 18.16276712010916 62.65782611910254 
9.087230950923807 8.996358641414568 18.174461901847614 63.65836627804674 
9.056915511701812 9.10220008926032 18.15911560096213 64.66125113214366 
0 0 8.957842592561269 65.66192790307105 
0 0 3.5537066691571426 66.66264780797064 
0 0 3.4959667188094254 67.66341477213427 
0 0 3.5359566408924223 68.66415272210725 
0 0 3.5856472132832278 69.66489478806034 
